10001025
10004225
10005925
10007325
10011625
10029725
10081925
10099725
10117825
10150925
10172922
10224125
10348425
10351725
10373825
10389425
10434325
10448625
10489925
10555025
10607125
10635925
10668925
10685125
10690425
10728325
10738325
10755525
10788825
10828625
10998125
11083825
11084525
11165525
11171425
11182223
11211325
11237325
11237925
11238225
11238325
11243525
11250725
11257225
11259825
11270725
11274925
11343125
11362525
11372325
11380525
11439325
11669425
11687725
11689725
11781325
11821625
11834725
11879925
11896725
11898125
11920623
11968325
11968825
12001025
12010825
12011425
12025425
12041825
12061725
12066025
12659424
30473025
